{
    "camera_angle_x": 0.6911112070083618,
    "frames": [
        {
            "file_path": "train\\0035",
            "transform_matrix": [
                [
                    0.743922233581543,
                    0.21940839290618896,
                    -0.6312207579612732,
                    -3.370354175567627
                ],
                [
                    -0.6682661771774292,
                    0.2442481517791748,
                    -0.7026827931404114,
                    -3.751919984817505
                ],
                [
                    0.0,
                    0.9445648789405823,
                    0.3283248245716095,
                    2.4002556800842285
                ],
                [
                    0.0,
                    0.0,
                    0.0,
                    1.0
                ]
            ]
        },
        {
            "file_path": "train\\0036",
            "transform_matrix": [
                [
                    0.744452953338623,
                    0.2193196713924408,
                    -0.6306256651878357,
                    -3.367946147918701
                ],
                [
                    -0.6676749587059021,
                    0.24453991651535034,
                    -0.7031432390213013,
                    -3.7552366256713867
                ],
                [
                    0.0,
                    0.9445099234580994,
                    0.3284827172756195,
                    2.4014995098114014
                ],
                [
                    0.0,
                    0.0,
                    0.0,
                    1.0
                ]
            ]
        },
        {
            "file_path": "train\\0037",
            "transform_matrix": [
                [
                    0.7460300326347351,
                    0.21905279159545898,
                    -0.6288522481918335,
                    -3.3607733249664307
                ],
                [
                    -0.6659123301506042,
                    0.2454076111316681,
                    -0.7045111656188965,
                    -3.7651169300079346
                ],
                [
                    -1.4901159417490817e-08,
                    0.9443468451499939,
                    0.32895147800445557,
                    2.405205249786377
                ],
                [
                    0.0,
                    0.0,
                    0.0,
                    1.0
                ]
            ]
        },
        {
            "file_path": "train\\0038",
            "transform_matrix": [
                [
                    0.7486254572868347,
                    0.21860305964946747,
                    -0.6259174942970276,
                    -3.3489108085632324
                ],
                [
                    -0.6629932522773743,
                    0.24683783948421478,
                    -0.7067610025405884,
                    -3.781456232070923
                ],
                [
                    1.4901161193847656e-08,
                    0.9440783262252808,
                    0.3297214210033417,
                    2.4113333225250244
                ],
                [
                    0.0,
                    0.0,
                    0.0,
                    1.0
                ]
            ]
        },
        {
            "file_path": "train\\0039",
            "transform_matrix": [
                [
                    0.752204418182373,
                    0.21796098351478577,
                    -0.6218371987342834,
                    -3.332432270050049
                ],
                [
                    -0.6589297652244568,
                    0.2488144040107727,
                    -0.7098612189292908,
                    -3.80415415763855
                ],
                [
                    0.0,
                    0.9437078237533569,
                    0.3307802975177765,
                    2.4198460578918457
                ],
                [
                    0.0,
                    0.0,
                    0.0,
                    1.0
                ]
            ]
        },
        {
            "file_path": "train\\0040",
            "transform_matrix": [
                [
                    0.756725549697876,
                    0.2171131819486618,
                    -0.6166265606880188,
                    -3.311410903930664
                ],
                [
                    -0.6537327170372009,
                    0.25131845474243164,
                    -0.7137734889984131,
                    -3.8331096172332764
                ],
                [
                    0.0,
                    0.9432395696640015,
                    0.3321130871772766,
                    2.430706024169922
                ],
                [
                    0.0,
                    0.0,
                    0.0,
                    1.0
                ]
            ]
        },
        {
            "file_path": "train\\0041",
            "transform_matrix": [
                [
                    0.7621399164199829,
                    0.21604278683662415,
                    -0.6103018522262573,
                    -3.2859225273132324
                ],
                [
                    -0.6474124789237976,
                    0.25432753562927246,
                    -0.7184528708457947,
                    -3.868217706680298
                ],
                [
                    0.0,
                    0.9426786303520203,
                    0.3337019383907318,
                    2.443873405456543
                ],
                [
                    0.0,
                    0.0,
                    0.0,
                    1.0
                ]
            ]
        },
        {
            "file_path": "train\\0042",
            "transform_matrix": [
                [
                    0.7683925628662109,
                    0.2147301733493805,
                    -0.6028795838356018,
                    -3.2560415267944336
                ],
                [
                    -0.6399787664413452,
                    0.25781646370887756,
                    -0.7238492965698242,
                    -3.909376382827759
                ],
                [
                    0.0,
                    0.9420305490493774,
                    0.3355269730091095,
                    2.4593100547790527
                ],
                [
                    0.0,
                    0.0,
                    0.0,
                    1.0
                ]
            ]
        },
        {
            "file_path": "train\\0043",
            "transform_matrix": [
                [
                    0.7754228115081787,
                    0.21315345168113708,
                    -0.594377875328064,
                    -3.2218430042266846
                ],
                [
                    -0.6314423680305481,
                    0.26175636053085327,
                    -0.7299069762229919,
                    -3.9564826488494873
                ],
                [
                    0.0,
                    0.9413018822669983,
                    0.33756598830223083,
                    2.4769773483276367
                ],
                [
                    0.0,
                    0.0,
                    0.0,
                    1.0
                ]
            ]
        },
        {
            "file_path": "train\\0044",
            "transform_matrix": [
                [
                    0.7831645607948303,
                    0.21128951013088226,
                    -0.5848162174224854,
                    -3.183399200439453
                ],
                [
                    -0.621814489364624,
                    0.2661154568195343,
                    -0.7365658283233643,
                    -4.009435653686523
                ],
                [
                    0.0,
                    0.9404995441436768,
                    0.3397950530052185,
                    2.4968373775482178
                ],
                [
                    0.0,
                    0.0,
                    0.0,
                    1.0
                ]
            ]
        },
        {
            "file_path": "train\\0045",
            "transform_matrix": [
                [
                    0.7909278869628906,
                    0.20954325795173645,
                    -0.5749129056930542,
                    -3.1435317993164062
                ],
                [
                    -0.6119095087051392,
                    0.27084657549858093,
                    -0.7431075572967529,
                    -4.063193321228027
                ],
                [
                    0.0,
                    0.9395391345024109,
                    0.3424415588378906,
                    2.519606590270996
                ],
                [
                    0.0,
                    0.0,
                    0.0,
                    1.0
                ]
            ]
        },
        {
            "file_path": "train\\0046",
            "transform_matrix": [
                [
                    0.7992022633552551,
                    0.2075289487838745,
                    -0.5640988945960999,
                    -3.0999691486358643
                ],
                [
                    -0.6010622382164001,
                    0.27594080567359924,
                    -0.7500540018081665,
                    -4.121873378753662
                ],
                [
                    -1.4901161193847656e-08,
                    0.9385032653808594,
                    0.3452703356742859,
                    2.5446016788482666
                ],
                [
                    0.0,
                    0.0,
                    0.0,
                    1.0
                ]
            ]
        },
        {
            "file_path": "train\\0047",
            "transform_matrix": [
                [
                    0.8079476356506348,
                    0.20520387589931488,
                    -0.5523695349693298,
                    -3.052656412124634
                ],
                [
                    -0.5892543792724609,
                    0.28136229515075684,
                    -0.7573733925819397,
                    -4.185605049133301
                ],
                [
                    1.4901162970204496e-08,
                    0.9374041557312012,
                    0.34824326634407043,
                    2.5717484951019287
                ],
                [
                    0.0,
                    0.0,
                    0.0,
                    1.0
                ]
            ]
        },
        {
            "file_path": "train\\0048",
            "transform_matrix": [
                [
                    0.8170768618583679,
                    0.20256048440933228,
                    -0.5397727489471436,
                    -3.0016860961914062
                ],
                [
                    -0.5765286684036255,
                    0.2870759069919586,
                    -0.7649850845336914,
                    -4.254096031188965
                ],
                [
                    0.0,
                    0.9362460970878601,
                    0.351345032453537,
                    2.601027011871338
                ],
                [
                    0.0,
                    0.0,
                    0.0,
                    1.0
                ]
            ]
        },
        {
            "file_path": "train\\0049",
            "transform_matrix": [
                [
                    0.8261050581932068,
                    0.19999593496322632,
                    -0.5268321633338928,
                    -2.9477975368499756
                ],
                [
                    -0.5635161995887756,
                    0.2931905686855316,
                    -0.7723268270492554,
                    -4.321420192718506
                ],
                [
                    -1.4901162970204496e-08,
                    0.9349015355110168,
                    0.3549071252346039,
                    2.633011817932129
                ],
                [
                    0.0,
                    0.0,
                    0.0,
                    1.0
                ]
            ]
        },
        {
            "file_path": "train\\0050",
            "transform_matrix": [
                [
                    0.83539879322052,
                    0.19708164036273956,
                    -0.5130961537361145,
                    -2.890413999557495
                ],
                [
                    -0.5496442914009094,
                    0.2995423674583435,
                    -0.7798495888710022,
                    -4.393110752105713
                ],
                [
                    0.0,
                    0.9335058331489563,
                    0.3585621118545532,
                    2.6670713424682617
                ],
                [
                    0.0,
                    0.0,
                    0.0,
                    1.0
                ]
            ]
        },
        {
            "file_path": "train\\0051",
            "transform_matrix": [
                [
                    0.8448888659477234,
                    0.19379976391792297,
                    -0.49860259890556335,
                    -2.8296031951904297
                ],
                [
                    -0.5349419713020325,
                    0.3060878813266754,
                    -0.7874943017959595,
                    -4.469082832336426
                ],
                [
                    1.4901161193847656e-08,
                    0.9320686459541321,
                    0.362281858921051,
                    2.703164577484131
                ],
                [
                    0.0,
                    0.0,
                    0.0,
                    1.0
                ]
            ]
        },
        {
            "file_path": "train\\0052",
            "transform_matrix": [
                [
                    0.854428768157959,
                    0.1904245764017105,
                    -0.48341500759124756,
                    -2.762476921081543
                ],
                [
                    -0.5195687413215637,
                    0.3131524920463562,
                    -0.794974148273468,
                    -4.542882919311523
                ],
                [
                    0.0,
                    0.9304160475730896,
                    0.36650511622428894,
                    2.7415857315063477
                ],
                [
                    0.0,
                    0.0,
                    0.0,
                    1.0
                ]
            ]
        },
        {
            "file_path": "train\\0053",
            "transform_matrix": [
                [
                    0.864050567150116,
                    0.18665200471878052,
                    -0.4675230383872986,
                    -2.6918108463287354
                ],
                [
                    -0.5034052133560181,
                    0.3203716576099396,
                    -0.8024619221687317,
                    -4.620254993438721
                ],
                [
                    1.4901162970204496e-08,
                    0.9287211894989014,
                    0.3707788586616516,
                    2.781987428665161
                ],
                [
                    0.0,
                    0.0,
                    0.0,
                    1.0
                ]
            ]
        },
        {
            "file_path": "train\\0054",
            "transform_matrix": [
                [
                    0.8738194704055786,
                    0.1824774146080017,
                    -0.45071226358413696,
                    -2.614722490310669
                ],
                [
                    -0.48625051975250244,
                    0.32792213559150696,
                    -0.8099552392959595,
                    -4.698802947998047
                ],
                [
                    -1.4901161193847656e-08,
                    0.9269137382507324,
                    0.3752744197845459,
                    2.824274778366089
                ],
                [
                    0.0,
                    0.0,
                    0.0,
                    1.0
                ]
            ]
        },
        {
            "file_path": "train\\0055",
            "transform_matrix": [
                [
                    0.8837680220603943,
                    0.17786596715450287,
                    -0.43280231952667236,
                    -2.5290534496307373
                ],
                [
                    -0.46792542934417725,
                    0.33593443036079407,
                    -0.8174312710762024,
                    -4.776608943939209
                ],
                [
                    0.0,
                    0.9249387383460999,
                    0.3801160752773285,
                    2.868375539779663
                ],
                [
                    0.0,
                    0.0,
                    0.0,
                    1.0
                ]
            ]
        },
        {
            "file_path": "train\\0056",
            "transform_matrix": [
                [
                    0.8937144875526428,
                    0.1727263331413269,
                    -0.4140530824661255,
                    -2.438086986541748
                ],
                [
                    -0.44863611459732056,
                    0.34408292174339294,
                    -0.824822723865509,
                    -4.856840133666992
                ],
                [
                    0.0,
                    0.9229152798652649,
                    0.38500311970710754,
                    2.91422176361084
                ],
                [
                    0.0,
                    0.0,
                    0.0,
                    1.0
                ]
            ]
        },
        {
            "file_path": "train\\0057",
            "transform_matrix": [
                [
                    0.9042089581489563,
                    0.16673874855041504,
                    -0.3931977450847626,
                    -2.330483913421631
                ],
                [
                    -0.4270905554294586,
                    0.3530086874961853,
                    -0.8324533104896545,
                    -4.933952808380127
                ],
                [
                    -1.4901162970204496e-08,
                    0.9206427931785583,
                    0.39040607213974,
                    2.9611284732818604
                ],
                [
                    0.0,
                    0.0,
                    0.0,
                    1.0
                ]
            ]
        },
        {
            "file_path": "train\\0058",
            "transform_matrix": [
                [
                    0.9146108031272888,
                    0.1600387543439865,
                    -0.3713149428367615,
                    -2.2161524295806885
                ],
                [
                    -0.40433549880981445,
                    0.3620092272758484,
                    -0.8399179577827454,
                    -5.01295804977417
                ],
                [
                    1.4901161193847656e-08,
                    0.9183337688446045,
                    0.39580684900283813,
                    3.0095205307006836
                ],
                [
                    0.0,
                    0.0,
                    0.0,
                    1.0
                ]
            ]
        },
        {
            "file_path": "train\\0059",
            "transform_matrix": [
                [
                    0.9257810711860657,
                    0.15186531841754913,
                    -0.34621739387512207,
                    -2.0776965618133545
                ],
                [
                    -0.3780602812767029,
                    0.3718826174736023,
                    -0.8478053212165833,
                    -5.08779239654541
                ],
                [
                    0.0,
                    0.9157730937004089,
                    0.4016960561275482,
                    3.0578222274780273
                ],
                [
                    0.0,
                    0.0,
                    0.0,
                    1.0
                ]
            ]
        },
        {
            "file_path": "train\\0060",
            "transform_matrix": [
                [
                    0.937039852142334,
                    0.14235739409923553,
                    -0.31888991594314575,
                    -1.9237505197525024
                ],
                [
                    -0.3492226004600525,
                    0.38197576999664307,
                    -0.8556507229804993,
                    -5.161839485168457
                ],
                [
                    1.4901161193847656e-08,
                    0.9131423830986023,
                    0.40764087438583374,
                    3.106344699859619
                ],
                [
                    0.0,
                    0.0,
                    0.0,
                    1.0
                ]
            ]
        },
        {
            "file_path": "train\\0061",
            "transform_matrix": [
                [
                    0.9486845135688782,
                    0.13084430992603302,
                    -0.28788480162620544,
                    -1.743963360786438
                ],
                [
                    -0.31622445583343506,
                    0.39253753423690796,
                    -0.8636645078659058,
                    -5.2319512367248535
                ],
                [
                    7.450581485102248e-09,
                    0.9103812575340271,
                    0.4137703776359558,
                    3.15375018119812
                ],
                [
                    0.0,
                    0.0,
                    0.0,
                    1.0
                ]
            ]
        },
        {
            "file_path": "train\\0062",
            "transform_matrix": [
                [
                    0.9607373476028442,
                    0.11651130020618439,
                    -0.2518111765384674,
                    -1.5291951894760132
                ],
                [
                    -0.27745944261550903,
                    0.4034346342086792,
                    -0.87192702293396,
                    -5.29502534866333
                ],
                [
                    0.0,
                    0.9075602293014526,
                    0.4199219048023224,
                    3.1972861289978027
                ],
                [
                    0.0,
                    0.0,
                    0.0,
                    1.0
                ]
            ]
        },
        {
            "file_path": "train\\0063",
            "transform_matrix": [
                [
                    0.9722985029220581,
                    0.0995093435049057,
                    -0.21150320768356323,
                    -1.28671133518219
                ],
                [
                    -0.2337428778409958,
                    0.4139282703399658,
                    -0.8797883987426758,
                    -5.35232400894165
                ],
                [
                    -1.4901162970204496e-08,
                    0.9048542976379395,
                    0.4257214069366455,
                    3.237130641937256
                ],
                [
                    0.0,
                    0.0,
                    0.0,
                    1.0
                ]
            ]
        },
        {
            "file_path": "train\\0064",
            "transform_matrix": [
                [
                    0.9830199480056763,
                    0.07906727492809296,
                    -0.16559070348739624,
                    -1.0079671144485474
                ],
                [
                    -0.18349909782409668,
                    0.4235699772834778,
                    -0.8870832324028015,
                    -5.399764060974121
                ],
                [
                    0.0,
                    0.9024062156677246,
                    0.43088650703430176,
                    3.2700400352478027
                ],
                [
                    0.0,
                    0.0,
                    0.0,
                    1.0
                ]
            ]
        },
        {
            "file_path": "train\\0065",
            "transform_matrix": [
                [
                    0.9919384121894836,
                    0.05509134382009506,
                    -0.11411964893341064,
                    -0.6939363479614258
                ],
                [
                    -0.1267215609550476,
                    0.4312385320663452,
                    -0.8932944536209106,
                    -5.431926250457764
                ],
                [
                    0.0,
                    0.9005544781684875,
                    0.43474331498146057,
                    3.29076886177063
                ],
                [
                    0.0,
                    0.0,
                    0.0,
                    1.0
                ]
            ]
        },
        {
            "file_path": "train\\0066",
            "transform_matrix": [
                [
                    0.9978028535842896,
                    0.028952717781066895,
                    -0.05959280952811241,
                    -0.3621370196342468
                ],
                [
                    -0.06625378131866455,
                    0.4360370934009552,
                    -0.8974865674972534,
                    -5.453897953033447
                ],
                [
                    0.0,
                    0.8994628190994263,
                    0.43699729442596436,
                    3.3027610778808594
                ],
                [
                    0.0,
                    0.0,
                    0.0,
                    1.0
                ]
            ]
        },
        {
            "file_path": "train\\0067",
            "transform_matrix": [
                [
                    0.9999960660934448,
                    0.0012360577238723636,
                    -0.002540792804211378,
                    -0.01544556487351656
                ],
                [
                    -0.0028255032375454903,
                    0.4374629259109497,
                    -0.899232029914856,
                    -5.466461658477783
                ],
                [
                    0.0,
                    0.8992356657981873,
                    0.4374646544456482,
                    3.3065531253814697
                ],
                [
                    0.0,
                    0.0,
                    0.0,
                    1.0
                ]
            ]
        },
        {
            "file_path": "train\\0068",
            "transform_matrix": [
                [
                    0.9981217980384827,
                    -0.026688138023018837,
                    0.05514340102672577,
                    0.3352741301059723
                ],
                [
                    0.06126215308904648,
                    0.4348200261592865,
                    -0.8984311819076538,
                    -5.462498188018799
                ],
                [
                    0.0,
                    0.900121808052063,
                    0.43563833832740784,
                    3.2958896160125732
                ],
                [
                    0.0,
                    0.0,
                    0.0,
                    1.0
                ]
            ]
        },
        {
            "file_path": "train\\0069",
            "transform_matrix": [
                [
                    0.9922798871994019,
                    -0.053562797605991364,
                    0.11185521632432938,
                    0.6807135939598083
                ],
                [
                    0.12401838600635529,
                    0.42855972051620483,
                    -0.8949614763259888,
                    -5.446437358856201
                ],
                [
                    0.0,
                    0.9019244313240051,
                    0.4318940043449402,
                    3.2755539417266846
                ],
                [
                    0.0,
                    0.0,
                    0.0,
                    1.0
                ]
            ]
        },
        {
            "file_path": "train\\0070",
            "transform_matrix": [
                [
                    0.9830634593963623,
                    -0.07812674343585968,
                    0.16577871143817902,
                    1.0091791152954102
                ],
                [
                    0.18326584994792938,
                    0.4190826714038849,
                    -0.8892599940299988,
                    -5.413376808166504
                ],
                [
                    0.0,
                    0.9045804738998413,
                    0.42630282044410706,
                    3.242312431335449
                ],
                [
                    0.0,
                    0.0,
                    0.0,
                    1.0
                ]
            ]
        },
        {
            "file_path": "train\\0071",
            "transform_matrix": [
                [
                    0.9716535806655884,
                    -0.09913042932748795,
                    0.2146216332912445,
                    1.3042861223220825
                ],
                [
                    0.23640912771224976,
                    0.40743112564086914,
                    -0.882105827331543,
                    -5.360682487487793
                ],
                [
                    0.0,
                    0.9078397750854492,
                    0.4193172752857208,
                    3.195441484451294
                ],
                [
                    0.0,
                    0.0,
                    0.0,
                    1.0
                ]
            ]
        },
        {
            "file_path": "train\\0072",
            "transform_matrix": [
                [
                    0.9595130681991577,
                    -0.1159466803073883,
                    0.25669270753860474,
                    1.552454948425293
                ],
                [
                    0.28166431188583374,
                    0.3949820399284363,
                    -0.8744451999664307,
                    -5.288567543029785
                ],
                [
                    1.4901161193847656e-08,
                    0.9113427400588989,
                    0.4116484522819519,
                    3.1368043422698975
                ],
                [
                    0.0,
                    0.0,
                    0.0,
                    1.0
                ]
            ]
        },
        {
            "file_path": "train\\0073",
            "transform_matrix": [
                [
                    0.9475853443145752,
                    -0.12904946506023407,
                    0.2922813296318054,
                    1.7533340454101562
                ],
                [
                    0.31950297951698303,
                    0.38273629546165466,
                    -0.8668510913848877,
                    -5.200057029724121
                ],
                [
                    -7.450581485102248e-09,
                    0.9148000478744507,
                    0.4039069712162018,
                    3.070143699645996
                ],
                [
                    0.0,
                    0.0,
                    0.0,
                    1.0
                ]
            ]
        },
        {
            "file_path": "train\\0074",
            "transform_matrix": [
                [
                    0.9358021020889282,
                    -0.13968314230442047,
                    0.3236711323261261,
                    1.9210506677627563
                ],
                [
                    0.3525257110595703,
                    0.37079787254333496,
                    -0.8592057824134827,
                    -5.099552154541016
                ],
                [
                    -7.4505797087454084e-09,
                    0.9181490540504456,
                    0.39623531699180603,
                    2.9989237785339355
                ],
                [
                    0.0,
                    0.0,
                    0.0,
                    1.0
                ]
            ]
        },
        {
            "file_path": "train\\0075",
            "transform_matrix": [
                [
                    0.9240382313728333,
                    -0.14859044551849365,
                    0.35224178433418274,
                    2.063955545425415
                ],
                [
                    0.38230013847351074,
                    0.3591504395008087,
                    -0.8513857126235962,
                    -4.988681793212891
                ],
                [
                    0.0,
                    0.9213749766349792,
                    0.38867485523223877,
                    2.9246253967285156
                ],
                [
                    0.0,
                    0.0,
                    0.0,
                    1.0
                ]
            ]
        },
        {
            "file_path": "train\\0076",
            "transform_matrix": [
                [
                    0.9120709896087646,
                    -0.1563064455986023,
                    0.3790709674358368,
                    2.1886744499206543
                ],
                [
                    0.41003233194351196,
                    0.34768620133399963,
                    -0.8432009220123291,
                    -4.8684611320495605
                ],
                [
                    0.0,
                    0.9244905114173889,
                    0.38120517134666443,
                    2.8481876850128174
                ],
                [
                    0.0,
                    0.0,
                    0.0,
                    1.0
                ]
            ]
        },
        {
            "file_path": "train\\0077",
            "transform_matrix": [
                [
                    0.8996753692626953,
                    -0.16321717202663422,
                    0.4049006402492523,
                    2.2992608547210693
                ],
                [
                    0.4365597069263458,
                    0.3363628387451172,
                    -0.8344314098358154,
                    -4.738386154174805
                ],
                [
                    0.0,
                    0.9274805784225464,
                    0.373871386051178,
                    2.770249605178833
                ],
                [
                    0.0,
                    0.0,
                    0.0,
                    1.0
                ]
            ]
        },
        {
            "file_path": "train\\0078",
            "transform_matrix": [
                [
                    0.8862537145614624,
                    -0.1698477417230606,
                    0.43093645572662354,
                    2.4026010036468506
                ],
                [
                    0.46320033073425293,
                    0.32497426867485046,
                    -0.8245223760604858,
                    -4.596961498260498
                ],
                [
                    0.0,
                    0.930345892906189,
                    0.36668312549591064,
                    2.6915600299835205
                ],
                [
                    0.0,
                    0.0,
                    0.0,
                    1.0
                ]
            ]
        },
        {
            "file_path": "train\\0079",
            "transform_matrix": [
                [
                    0.8711321353912354,
                    -0.1764569729566574,
                    0.4582485258579254,
                    2.5062296390533447
                ],
                [
                    0.4910486340522766,
                    0.3130389451980591,
                    -0.8129439949989319,
                    -4.446112155914307
                ],
                [
                    0.0,
                    0.9332039952278137,
                    0.35934722423553467,
                    2.6125144958496094
                ],
                [
                    0.0,
                    0.0,
                    0.0,
                    1.0
                ]
            ]
        },
        {
            "file_path": "train\\0080",
            "transform_matrix": [
                [
                    0.8537706732749939,
                    -0.18315085768699646,
                    0.48737192153930664,
                    2.613320827484131
                ],
                [
                    0.520649254322052,
                    0.30033430457115173,
                    -0.7992019057273865,
                    -4.285374164581299
                ],
                [
                    0.0,
                    0.9360849857330322,
                    0.3517739772796631,
                    2.533426523208618
                ],
                [
                    0.0,
                    0.0,
                    0.0,
                    1.0
                ]
            ]
        },
        {
            "file_path": "train\\0081",
            "transform_matrix": [
                [
                    0.8332643508911133,
                    -0.1901295930147171,
                    0.51915442943573,
                    2.7289390563964844
                ],
                [
                    0.5528748631477356,
                    0.2865535020828247,
                    -0.7824426889419556,
                    -4.112915992736816
                ],
