{
  "camera_angle_x": 0.6911112070083618,
  "frames": [
    {
      "file_path": "train/0002",
      "time": 0.0,
      "rotation": 0.0483321946706122,
      "transform_matrix": [
        [
          0.744452953338623,
          0.2193196713924408,
          -0.6306256651878357,
          -3.367946147918701
        ],
        [
          -0.6676749587059021,
          0.24453991651535034,
          -0.7031432390213013,
          -3.7552366256713867
        ],
        [
          0.0,
          0.9445099234580994,
          0.3284827172756195,
          2.4014995098114014
        ],
        [
          0.0,
          0.0,
          0.0,
          1.0
        ]
      ]
    },
    {
      "file_path": "train/0003",
      "time": 0.010416666666666666,
      "rotation": 0.0483321946706122,
      "transform_matrix": [
        [
          0.7460300326347351,
          0.21905279159545898,
          -0.6288522481918335,
          -3.3607733249664307
        ],
        [
          -0.6659123301506042,
          0.2454076111316681,
          -0.7045111656188965,
          -3.7651169300079346
        ],
        [
          -1.4901159417490817e-08,
          0.9443468451499939,
          0.32895147800445557,
          2.405205249786377
        ],
        [
          0.0,
          0.0,
          0.0,
          1.0
        ]
      ]
    },
    {
      "file_path": "train/0004",
      "time": 0.020833333333333332,
      "rotation": 0.0483321946706122,
      "transform_matrix": [
        [
          0.7486254572868347,
          0.21860305964946747,
          -0.6259174942970276,
          -3.3489108085632324
        ],
        [
          -0.6629932522773743,
          0.24683783948421478,
          -0.7067610025405884,
          -3.781456232070923
        ],
        [
          1.4901161193847656e-08,
          0.9440783262252808,
          0.3297214210033417,
          2.4113333225250244
        ],
        [
          0.0,
          0.0,
          0.0,
          1.0
        ]
      ]
    },
    {
      "file_path": "train/0006",
      "time": 0.03125,
      "rotation": 0.0483321946706122,
      "transform_matrix": [
        [
          0.756725549697876,
          0.2171131819486618,
          -0.6166265606880188,
          -3.311410903930664
        ],
        [
          -0.6537327170372009,
          0.25131845474243164,
          -0.7137734889984131,
          -3.8331096172332764
        ],
        [
          0.0,
          0.9432395696640015,
          0.3321130871772766,
          2.430706024169922
        ],
        [
          0.0,
          0.0,
          0.0,
          1.0
        ]
      ]
    },
    {
      "file_path": "train/0007",
      "time": 0.041666666666666664,
      "rotation": 0.0483321946706122,
      "transform_matrix": [
        [
          0.7621399164199829,
          0.21604278683662415,
          -0.6103018522262573,
          -3.2859225273132324
        ],
        [
          -0.6474124789237976,
          0.25432753562927246,
          -0.7184528708457947,
          -3.868217706680298
        ],
        [
          0.0,
          0.9426786303520203,
          0.3337019383907318,
          2.443873405456543
        ],
        [
          0.0,
          0.0,
          0.0,
          1.0
        ]
      ]
    },
    {
      "file_path": "train/0008",
      "time": 0.05208333333333333,
      "rotation": 0.0483321946706122,
      "transform_matrix": [
        [
          0.7683925628662109,
          0.2147301733493805,
          -0.6028795838356018,
          -3.2560415267944336
        ],
        [
          -0.6399787664413452,
          0.25781646370887756,
          -0.7238492965698242,
          -3.909376382827759
        ],
        [
          0.0,
          0.9420305490493774,
          0.3355269730091095,
          2.4593100547790527
        ],
        [
          0.0,
          0.0,
          0.0,
          1.0
        ]
      ]
    },
    {
      "file_path": "train/0010",
      "time": 0.0625,
      "rotation": 0.0483321946706122,
      "transform_matrix": [
        [
          0.7831645607948303,
          0.21128951013088226,
          -0.5848162174224854,
          -3.183399200439453
        ],
        [
          -0.621814489364624,
          0.2661154568195343,
          -0.7365658283233643,
          -4.009435653686523
        ],
        [
          0.0,
          0.9404995441436768,
          0.3397950530052185,
          2.4968373775482178
        ],
        [
          0.0,
          0.0,
          0.0,
          1.0
        ]
      ]
    },
    {
      "file_path": "train/0011",
      "time": 0.07291666666666666,
      "rotation": 0.0483321946706122,
      "transform_matrix": [
        [
          0.7909278869628906,
          0.20954325795173645,
          -0.5749129056930542,
          -3.1435317993164062
        ],
        [
          -0.6119095087051392,
          0.27084657549858093,
          -0.7431075572967529,
          -4.063193321228027
        ],
        [
          0.0,
          0.9395391345024109,
          0.3424415588378906,
          2.519606590270996
        ],
        [
          0.0,
          0.0,
          0.0,
          1.0
        ]
      ]
    },
    {
      "file_path": "train/0012",
      "time": 0.08333333333333333,
      "rotation": 0.0483321946706122,
      "transform_matrix": [
        [
          0.7992022633552551,
          0.2075289487838745,
          -0.5640988945960999,
          -3.0999691486358643
        ],
        [
          -0.6010622382164001,
          0.27594080567359924,
          -0.7500540018081665,
          -4.121873378753662
        ],
        [
          -1.4901161193847656e-08,
          0.9385032653808594,
          0.3452703356742859,
          2.5446016788482666
        ],
        [
          0.0,
          0.0,
          0.0,
          1.0
        ]
      ]
    },
    {
      "file_path": "train/0014",
      "time": 0.09375,
      "rotation": 0.0483321946706122,
      "transform_matrix": [
        [
          0.8170768618583679,
          0.20256048440933228,
          -0.5397727489471436,
          -3.0016860961914062
        ],
        [
          -0.5765286684036255,
          0.2870759069919586,
          -0.7649850845336914,
          -4.254096031188965
        ],
        [
          0.0,
          0.9362460970878601,
          0.351345032453537,
          2.601027011871338
        ],
        [
          0.0,
          0.0,
          0.0,
          1.0
        ]
      ]
    },
    {
      "file_path": "train/0015",
      "time": 0.10416666666666666,
      "rotation": 0.0483321946706122,
      "transform_matrix": [
        [
          0.8261050581932068,
          0.19999593496322632,
          -0.5268321633338928,
          -2.9477975368499756
        ],
        [
          -0.5635161995887756,
          0.2931905686855316,
          -0.7723268270492554,
          -4.321420192718506
        ],
        [
          -1.4901162970204496e-08,
          0.9349015355110168,
          0.3549071252346039,
          2.633011817932129
        ],
        [
          0.0,
          0.0,
          0.0,
          1.0
        ]
      ]
    },
    {
      "file_path": "train/0016",
      "time": 0.11458333333333333,
      "rotation": 0.0483321946706122,
      "transform_matrix": [
        [
          0.83539879322052,
          0.19708164036273956,
          -0.5130961537361145,
          -2.890413999557495
        ],
        [
          -0.5496442914009094,
          0.2995423674583435,
          -0.7798495888710022,
          -4.393110752105713
        ],
        [
          0.0,
          0.9335058331489563,
          0.3585621118545532,
          2.6670713424682617
        ],
        [
          0.0,
          0.0,
          0.0,
          1.0
        ]
      ]
    },
    {
      "file_path": "train/0018",
      "time": 0.125,
      "rotation": 0.0483321946706122,
      "transform_matrix": [
        [
          0.854428768157959,
          0.1904245764017105,
          -0.48341500759124756,
          -2.762476921081543
        ],
        [
          -0.5195687413215637,
          0.3131524920463562,
          -0.794974148273468,
          -4.542882919311523
        ],
        [
          0.0,
          0.9304160475730896,
          0.36650511622428894,
          2.7415857315063477
        ],
        [
          0.0,
          0.0,
          0.0,
          1.0
        ]
      ]
    },
    {
      "file_path": "train/0019",
      "time": 0.13541666666666666,
      "rotation": 0.0483321946706122,
      "transform_matrix": [
        [
          0.864050567150116,
          0.18665200471878052,
          -0.4675230383872986,
          -2.6918108463287354
        ],
        [
          -0.5034052133560181,
          0.3203716576099396,
          -0.8024619221687317,
          -4.620254993438721
        ],
        [
          1.4901162970204496e-08,
          0.9287211894989014,
          0.3707788586616516,
          2.781987428665161
        ],
        [
          0.0,
          0.0,
          0.0,
          1.0
        ]
      ]
    },
    {
      "file_path": "train/0020",
      "time": 0.14583333333333331,
      "rotation": 0.0483321946706122,
      "transform_matrix": [
        [
          0.8738194704055786,
          0.1824774146080017,
          -0.45071226358413696,
          -2.614722490310669
        ],
        [
          -0.48625051975250244,
          0.32792213559150696,
          -0.8099552392959595,
          -4.698802947998047
        ],
        [
          -1.4901161193847656e-08,
          0.9269137382507324,
          0.3752744197845459,
          2.824274778366089
        ],
        [
          0.0,
          0.0,
          0.0,
          1.0
        ]
      ]
    },
    {
      "file_path": "train/0022",
      "time": 0.15625,
      "rotation": 0.0483321946706122,
      "transform_matrix": [
        [
          0.8937144875526428,
          0.1727263331413269,
          -0.4140530824661255,
          -2.438086986541748
        ],
        [
          -0.44863611459732056,
          0.34408292174339294,
          -0.824822723865509,
          -4.856840133666992
        ],
        [
          0.0,
          0.9229152798652649,
          0.38500311970710754,
          2.91422176361084
        ],
        [
          0.0,
          0.0,
          0.0,
          1.0
        ]
      ]
    },
    {
      "file_path": "train/0023",
      "time": 0.16666666666666666,
      "rotation": 0.0483321946706122,
      "transform_matrix": [
        [
          0.9042089581489563,
          0.16673874855041504,
          -0.3931977450847626,
          -2.330483913421631
        ],
        [
          -0.4270905554294586,
          0.3530086874961853,
          -0.8324533104896545,
          -4.933952808380127
        ],
        [
          -1.4901162970204496e-08,
          0.9206427931785583,
          0.39040607213974,
          2.9611284732818604
        ],
        [
          0.0,
          0.0,
          0.0,
          1.0
        ]
      ]
    },
    {
      "file_path": "train/0024",
      "time": 0.17708333333333331,
      "rotation": 0.0483321946706122,
      "transform_matrix": [
        [
          0.9146108031272888,
          0.1600387543439865,
          -0.3713149428367615,
          -2.2161524295806885
        ],
        [
          -0.40433549880981445,
          0.3620092272758484,
          -0.8399179577827454,
          -5.01295804977417
        ],
        [
          1.4901161193847656e-08,
          0.9183337688446045,
          0.39580684900283813,
          3.0095205307006836
        ],
        [
          0.0,
          0.0,
          0.0,
          1.0
        ]
      ]
    },
    {
      "file_path": "train/0026",
      "time": 0.1875,
      "rotation": 0.0483321946706122,
      "transform_matrix": [
        [
          0.937039852142334,
          0.14235739409923553,
          -0.31888991594314575,
          -1.9237505197525024
        ],
        [
          -0.3492226004600525,
          0.38197576999664307,
          -0.8556507229804993,
          -5.161839485168457
        ],
        [
          1.4901161193847656e-08,
          0.9131423830986023,
          0.40764087438583374,
          3.106344699859619
        ],
        [
          0.0,
          0.0,
          0.0,
          1.0
        ]
      ]
    },
    {
      "file_path": "train/0027",
      "time": 0.19791666666666666,
      "rotation": 0.0483321946706122,
      "transform_matrix": [
        [
          0.9486845135688782,
          0.13084430992603302,
          -0.28788480162620544,
          -1.743963360786438
        ],
        [
          -0.31622445583343506,
          0.39253753423690796,
          -0.8636645078659058,
          -5.2319512367248535
        ],
        [
          7.450581485102248e-09,
          0.9103812575340271,
          0.4137703776359558,
          3.15375018119812
        ],
        [
          0.0,
          0.0,
          0.0,
          1.0
        ]
      ]
    },
    {
      "file_path": "train/0028",
      "time": 0.20833333333333331,
      "rotation": 0.0483321946706122,
      "transform_matrix": [
        [
          0.9607373476028442,
          0.11651130020618439,
          -0.2518111765384674,
          -1.5291951894760132
        ],
        [
          -0.27745944261550903,
          0.4034346342086792,
          -0.87192702293396,
          -5.29502534866333
        ],
        [
          0.0,
          0.9075602293014526,
          0.4199219048023224,
          3.1972861289978027
        ],
        [
          0.0,
          0.0,
          0.0,
          1.0
        ]
      ]
    },
    {
      "file_path": "train/0030",
      "time": 0.21875,
      "rotation": 0.0483321946706122,
      "transform_matrix": [
        [
          0.9830199480056763,
          0.07906727492809296,
          -0.16559070348739624,
          -1.0079671144485474
        ],
        [
          -0.18349909782409668,
          0.4235699772834778,
          -0.8870832324028015,
          -5.399764060974121
        ],
        [
          0.0,
          0.9024062156677246,
          0.43088650703430176,
          3.2700400352478027
        ],
        [
          0.0,
          0.0,
          0.0,
          1.0
        ]
      ]
    },
    {
      "file_path": "train/0031",
      "time": 0.22916666666666666,
      "rotation": 0.0483321946706122,
      "transform_matrix": [
        [
          0.9919384121894836,
          0.05509134382009506,
          -0.11411964893341064,
          -0.6939363479614258
        ],
        [
          -0.1267215609550476,
          0.4312385320663452,
          -0.8932944536209106,
          -5.431926250457764
        ],
        [
          0.0,
          0.9005544781684875,
          0.43474331498146057,
          3.29076886177063
        ],
        [
          0.0,
          0.0,
          0.0,
          1.0
        ]
      ]
    },
    {
      "file_path": "train/0032",
      "time": 0.23958333333333331,
      "rotation": 0.0483321946706122,
      "transform_matrix": [
        [
          0.9978028535842896,
          0.028952717781066895,
          -0.05959280952811241,
          -0.3621370196342468
        ],
        [
          -0.06625378131866455,
          0.4360370934009552,
          -0.8974865674972534,
          -5.453897953033447
        ],
        [
          0.0,
          0.8994628190994263,
          0.43699729442596436,
          3.3027610778808594
        ],
        [
          0.0,
          0.0,
          0.0,
          1.0
        ]
      ]
    },
    {
      "file_path": "train/0034",
      "time": 0.25,
      "rotation": 0.0483321946706122,
      "transform_matrix": [
        [
          0.9981217980384827,
          -0.026688138023018837,
          0.05514340102672577,
          0.3352741301059723
        ],
        [
          0.06126215308904648,
          0.4348200261592865,
          -0.8984311819076538,
          -5.462498188018799
        ],
        [
          0.0,
          0.900121808052063,
          0.43563833832740784,
          3.2958896160125732
        ],
        [
          0.0,
          0.0,
          0.0,
          1.0
        ]
      ]
    },
    {
      "file_path": "train/0035",
      "time": 0.26041666666666663,
      "rotation": 0.0483321946706122,
      "transform_matrix": [
        [
          0.9922798871994019,
          -0.053562797605991364,
          0.11185521632432938,
          0.6807135939598083
        ],
        [
          0.12401838600635529,
          0.42855972051620483,
          -0.8949614763259888,
          -5.446437358856201
        ],
        [
          0.0,
          0.9019244313240051,
          0.4318940043449402,
          3.2755539417266846
        ],
        [
          0.0,
          0.0,
          0.0,
          1.0
        ]
      ]
    },
    {
      "file_path": "train/0036",
      "time": 0.2708333333333333,
      "rotation": 0.0483321946706122,
      "transform_matrix": [
        [
          0.9830634593963623,
          -0.07812674343585968,
          0.16577871143817902,
          1.0091791152954102
        ],
        [
          0.18326584994792938,
          0.4190826714038849,
          -0.8892599940299988,
          -5.413376808166504
        ],
        [
          0.0,
          0.9045804738998413,
          0.42630282044410706,
          3.242312431335449
        ],
        [
          0.0,
          0.0,
          0.0,
          1.0
        ]
      ]
    },
    {
      "file_path": "train/0038",
      "time": 0.28125,
      "rotation": 0.0483321946706122,
      "transform_matrix": [
        [
          0.9595130681991577,
          -0.1159466803073883,
          0.25669270753860474,
          1.552454948425293
        ],
        [
          0.28166431188583374,
          0.3949820399284363,
          -0.8744451999664307,
          -5.288567543029785
        ],
        [
          1.4901161193847656e-08,
          0.9113427400588989,
          0.4116484522819519,
          3.1368043422698975
        ],
        [
          0.0,
          0.0,
          0.0,
          1.0
        ]
      ]
    },
    {
      "file_path": "train/0039",
      "time": 0.29166666666666663,
      "rotation": 0.0483321946706122,
      "transform_matrix": [
        [
          0.9475853443145752,
          -0.12904946506023407,
          0.2922813296318054,
          1.7533340454101562
        ],
        [
          0.31950297951698303,
          0.38273629546165466,
          -0.8668510913848877,
          -5.200057029724121
        ],
        [
          -7.450581485102248e-09,
          0.9148000478744507,
          0.4039069712162018,
          3.070143699645996
        ],
        [
          0.0,
          0.0,
          0.0,
          1.0
        ]
      ]
    },
    {
      "file_path": "train/0040",
      "time": 0.3020833333333333,
      "rotation": 0.0483321946706122,
      "transform_matrix": [
        [
          0.9358021020889282,
          -0.13968314230442047,
          0.3236711323261261,
          1.9210506677627563
        ],
        [
          0.3525257110595703,
          0.37079787254333496,
          -0.8592057824134827,
          -5.099552154541016
        ],
        [
          -7.4505797087454084e-09,
          0.9181490540504456,
          0.39623531699180603,
          2.9989237785339355
        ],
        [
          0.0,
          0.0,
          0.0,
          1.0
        ]
      ]
    },
    {
      "file_path": "train/0042",
      "time": 0.3125,
      "rotation": 0.0483321946706122,
      "transform_matrix": [
        [
          0.9120709896087646,
          -0.1563064455986023,
          0.3790709674358368,
          2.1886744499206543
        ],
        [
          0.41003233194351196,
          0.34768620133399963,
          -0.8432009220123291,
          -4.8684611320495605
        ],
        [
          0.0,
          0.9244905114173889,
          0.38120517134666443,
          2.8481876850128174
        ],
        [
          0.0,
          0.0,
          0.0,
          1.0
        ]
      ]
    },
    {
      "file_path": "train/0043",
      "time": 0.32291666666666663,
      "rotation": 0.0483321946706122,
      "transform_matrix": [
        [
          0.8996753692626953,
          -0.16321717202663422,
          0.4049006402492523,
          2.2992608547210693
        ],
        [
          0.4365597069263458,
          0.3363628387451172,
          -0.8344314098358154,
          -4.738386154174805
        ],
        [
          0.0,
          0.9274805784225464,
          0.373871386051178,
          2.770249605178833
        ],
        [
          0.0,
          0.0,
          0.0,
          1.0
        ]
      ]
    },
    {
      "file_path": "train/0044",
      "time": 0.3333333333333333,
      "rotation": 0.0483321946706122,
      "transform_matrix": [
        [
          0.8862537145614624,
          -0.1698477417230606,
          0.43093645572662354,
          2.4026010036468506
        ],
        [
          0.46320033073425293,
          0.32497426867485046,
          -0.8245223760604858,
          -4.596961498260498
        ],
        [
          0.0,
          0.930345892906189,
          0.36668312549591064,
          2.6915600299835205
        ],
        [
          0.0,
          0.0,
          0.0,
          1.0
        ]
      ]
    },
    {
      "file_path": "train/0046",
      "time": 0.34375,
      "rotation": 0.0483321946706122,
      "transform_matrix": [
        [
          0.8537706732749939,
          -0.18315085768699646,
          0.48737192153930664,
          2.613320827484131
        ],
        [
          0.520649254322052,
          0.30033430457115173,
          -0.7992019057273865,
          -4.285374164581299
        ],
        [
          0.0,
          0.9360849857330322,
          0.3517739772796631,
          2.533426523208618
        ],
        [
          0.0,
          0.0,
          0.0,
          1.0
        ]
      ]
    },
    {
      "file_path": "train/0047",
      "time": 0.35416666666666663,
      "rotation": 0.0483321946706122,
      "transform_matrix": [
        [
          0.8332643508911133,
          -0.1901295930147171,
          0.51915442943573,
          2.7289390563964844
        ],
        [
          0.5528748631477356,
          0.2865535020828247,
          -0.7824426889419556,
          -4.112915992736816
        ],
        [
          -1.4901161193847656e-08,
          0.9390090107917786,
          0.3438926339149475,
          2.454864978790283
        ],
        [
          0.0,
          0.0,
          0.0,
          1.0
        ]
      ]
    },
    {
      "file_path": "train/0048",
      "time": 0.3645833333333333,
      "rotation": 0.0483321946706122,
      "transform_matrix": [
        [
          0.8078572154045105,
          -0.1977858543395996,
          0.555200457572937,
          2.863760232925415
        ],
        [
          0.5893783569335938,
          0.2711038291454315,
          -0.7610097527503967,
          -3.92533802986145
        ],
        [
          -1.4901162970204496e-08,
          0.9420102834701538,
          0.3355838656425476,
          2.3781542778015137
        ],
        [
          0.0,
          0.0,
          0.0,
          1.0
        ]
      ]
    },
    {
      "file_path": "train/0050",
      "time": 0.375,
      "rotation": 0.0483321946706122,
      "transform_matrix": [
        [
          0.7453100085258484,
          -0.21026355028152466,
          0.6326943635940552,
          3.166572093963623
        ],
        [
          0.6667180061340332,
          0.23504917323589325,
          -0.7072756886482239,
          -3.539844274520874
        ],
        [
          1.4901162970204496e-08,
          0.9489684104919434,
          0.31537100672721863,
          2.2255911827087402
        ],
        [
          0.0,
          0.0,
          0.0,
          1.0
        ]
      ]
    },
    {
      "file_path": "train/0051",
      "time": 0.38541666666666663,
      "rotation": 0.0483321946706122,
      "transform_matrix": [
        [
          0.7099329829216003,
          -0.21335284411907196,
          0.671174943447113,
          3.3251595497131348
        ],
        [
          0.704269289970398,
          0.21506862342357635,
          -0.6765725016593933,
          -3.351900577545166
        ],
        [
          0.0,
          0.9530088901519775,
          0.3029421865940094,
          2.148038148880005
        ],
        [
          0.0,
          0.0,
          0.0,
          1.0
        ]
      ]
    },
    {
      "file_path": "train/0052",
      "time": 0.3958333333333333,
      "rotation": 0.0483321946706122,
      "transform_matrix": [
        [
          0.6722021698951721,
          -0.21419993042945862,
          0.708704948425293,
          3.484661340713501
        ],
        [
          0.740367591381073,
          0.1944786161184311,
          -0.6434547305107117,
          -3.163829803466797
        ],
        [
          0.0,
          0.9572337865829468,
          0.28931567072868347,
          2.06973934173584
        ],
        [
          0.0,
          0.0,
          0.0,
          1.0
        ]
      ]
    },
    {
      "file_path": "train/0054",
      "time": 0.40625,
      "rotation": 0.0483321946706122,
      "transform_matrix": [
        [
          0.5912342667579651,
          -0.20894552767276764,
          0.7789633274078369,
          3.7991063594818115
        ],
        [
          0.8065000176429749,
          0.15317514538764954,
          -0.5710475444793701,
          -2.78507399559021
        ],
        [
          7.450581485102248e-09,
          0.9658566117286682,
          0.2590769827365875,
          1.9107433557510376
        ],
        [
          0.0,
          0.0,
          0.0,
          1.0
        ]
      ]
    },
    {
      "file_path": "train/0055",
      "time": 0.41666666666666663,
      "rotation": 0.0483321946706122,
      "transform_matrix": [
        [
          0.548232913017273,
          -0.20314423739910126,
          0.8112787008285522,
          3.9518003463745117
        ],
        [
          0.8363256454467773,
          0.13316626846790314,
          -0.5318140387535095,
          -2.5905065536499023
        ],
        [
          0.0,
          0.970051109790802,
          0.24290087819099426,
          1.830379605293274
        ],
        [
          0.0,
          0.0,
          0.0,
          1.0
        ]
      ]
    },
    {
      "file_path": "train/0056",
      "time": 0.4270833333333333,
      "rotation": 0.0483321946706122,
      "transform_matrix": [
        [
          0.5034400820732117,
          -0.19586102664470673,
          0.8415381908416748,
          4.092900276184082
        ],
        [
          0.864030122756958,
          0.11412136256694794,
          -0.4903348386287689,
          -2.3847897052764893
        ],
        [
          0.0,
          0.9739685654640198,
          0.22668308019638062,
          1.749685287475586
        ],
        [
          0.0,
          0.0,
          0.0,
          1.0
        ]
      ]
    },
    {
      "file_path": "train/0058",
      "time": 0.4375,
      "rotation": 0.0483321946706122,
      "transform_matrix": [
        [
          0.40775826573371887,
          -0.17731700837612152,
          0.8957074880599976,
          4.341259479522705
        ],
        [
          0.9130899906158447,
          0.079184390604496,
          -0.3999957740306854,
          -1.9386746883392334
        ],
        [
          0.0,
          0.9809631109237671,
          0.19419445097446442,
          1.5884004831314087
        ],
        [
          0.0,
          0.0,
          0.0,
          1.0
        ]
      ]
    },
    {
      "file_path": "train/0059",
      "time": 0.44791666666666663,
      "rotation": 0.0483321946706122,
      "transform_matrix": [
        [
          0.35550254583358765,
          -0.16700416803359985,
          0.9196344017982483,
          4.435108661651611
        ],
        [
          0.934675395488739,
          0.06351981312036514,
          -0.34978172183036804,
          -1.6868877410888672
        ],
        [
          0.0,
          0.9839078783988953,
          0.17867612838745117,
          1.50888991355896
        ],
        [
          0.0,
          0.0,
          0.0,
          1.0
        ]
      ]
    },
    {
      "file_path": "train/0060",
      "time": 0.4583333333333333,
      "rotation": 0.0483321946706122,
      "transform_matrix": [
        [
          0.29914936423301697,
          -0.15647810697555542,
          0.9412886500358582,
          4.5012125968933105
        ],
        [
          0.9542063474655151,
          0.04905681684613228,
          -0.2950995862483978,
          -1.4111568927764893
        ],
        [
          0.0,
          0.9864623546600342,
          0.16398771107196808,
          1.4313749074935913
        ],
        [
          0.0,
          0.0,
          0.0,
          1.0
        ]
      ]
    },
    {
      "file_path": "train/0062",
      "time": 0.46875,
      "rotation": 0.0483321946706122,
      "transform_matrix": [
        [
          0.17169061303138733,
          -0.1347959041595459,
          0.9758853912353516,
          4.547095775604248
        ],
        [
          0.9851509928703308,
          0.023492025211453438,
          -0.17007581889629364,
          -0.7924609184265137
        ],
        [
          0.0,
          0.9905948638916016,
          0.13682766258716583,
          1.2847334146499634
        ],
        [
          0.0,
          0.0,
          0.0,
          1.0
        ]
      ]
    },
    {
      "file_path": "train/0063",
      "time": 0.47916666666666663,
      "rotation": 0.0483321946706122,
      "transform_matrix": [
        [
          0.09728214889764786,
          -0.12494891881942749,
          0.9873823523521423,
          4.504683017730713
        ],
        [
          0.9952569603919983,
          0.012213227339088917,
          -0.09651243686676025,
          -0.4403136670589447
        ],
        [
          -9.31322685637781e-10,
          0.9920880198478699,
          0.12554438412189484,
          1.2199554443359375
        ],
        [
          0.0,
          0.0,
          0.0,
          1.0
        ]
      ]
    },
    {
      "file_path": "train/0064",
      "time": 0.4895833333333333,
      "rotation": 0.0483321946706122,
      "transform_matrix": [
        [
          0.01578342914581299,
          -0.11546465754508972,
          0.9931862354278564,
          4.424793243408203
        ],
        [
          0.999875545501709,
          0.001822655089199543,
          -0.015677835792303085,
          -0.06984710693359375
        ],
        [
          0.0,
          0.9933098554611206,
          0.11547905951738358,
          1.1616673469543457
        ],
        [
          0.0,
          0.0,
          0.0,
          1.0
        ]
      ]
    },
    {
      "file_path": "train/0066",
      "time": 0.5,
      "rotation": 0.0483321946706122,
      "transform_matrix": [
        [
          -0.1675284504890442,
          -0.09680424630641937,
          0.9811030030250549,
          4.1681623458862305
        ],
        [
          0.9858672618865967,
          -0.0164499469101429,
          0.16671885550022125,
          0.7082958817481995
        ],
        [
          -1.862645371275562e-09,
          0.9951674342155457,
          0.09819196909666061,
          1.0643540620803833
        ],
        [
          0.0,
          0.0,
          0.0,
          1.0
        ]
      ]
    },
    {
      "file_path": "train/0067",
      "time": 0.5104166666666666,
      "rotation": 0.0483321946706122,
      "transform_matrix": [
        [
          -0.26879483461380005,
          -0.08833519369363785,
          0.9591382741928101,
          3.9995176792144775
        ],
        [
          0.9631974697113037,
          -0.02465127222239971,
          0.26766204833984375,
          1.1161259412765503
        ],
        [
          -1.862645149230957e-09,
          0.9957857728004456,
          0.09171035885810852,
          1.0296145677566528
        ],
        [
          0.0,
          0.0,
          0.0,
          1.0
        ]
      ]
    },
    {
      "file_path": "train/0068",
      "time": 0.5208333333333333,
      "rotation": 0.0483321946706122,
      "transform_matrix": [
        [
          -0.3737919330596924,
          -0.08123616874217987,
          0.9239482879638672,
          3.813105821609497
        ],
        [
          0.9275126457214355,
          -0.03273855522274971,
          0.37235546112060547,
          1.5366994142532349
        ],
        [
          0.0,
          0.9961570501327515,
          0.08758498728275299,
          1.0086513757705688
        ],
        [
          0.0,
          0.0,
          0.0,
          1.0
        ]
      ]
    },
    {
      "file_path": "train/0070",
      "time": 0.53125,
      "rotation": 0.0483321946706122,
      "transform_matrix": [
        [
          -0.5735684037208557,
          -0.07113336026668549,
          0.8160633444786072,
          3.3982200622558594
        ],
        [
          0.8191577792167664,
          -0.04980706796050072,
          0.5714017152786255,
          2.3794095516204834
        ],
        [
          0.0,
          0.9962224960327148,
          0.08683719485998154,
          1.0087950229644775
        ],
        [
          0.0,
          0.0,
          0.0,
          1.0
        ]
      ]
    },
    {
      "file_path": "train/0071",
      "time": 0.5416666666666666,
      "rotation": 0.0483321946706122,
      "transform_matrix": [
        [
          -0.6596950888633728,
          -0.06725679337978363,
          0.7485177516937256,
          3.1682634353637695
        ],
        [
          0.7515334486961365,
          -0.059037934988737106,
          0.6570479869842529,
          2.781097888946533
        ],
        [
          3.725290742551124e-09,
          0.9959874749183655,
          0.08949276059865952,
          1.0259883403778076
        ],
        [
          0.0,
          0.0,
          0.0,
          1.0
        ]
      ]
    },
    {
      "file_path": "train/0072",
      "time": 0.5520833333333333,
      "rotation": 0.0483321946706122,
      "transform_matrix": [
        [
          -0.73444002866745,
          -0.06345982104539871,
          0.6757001280784607,
          2.920783519744873
        ],
        [
          0.6786736249923706,
          -0.06867429614067078,
          0.7312222123146057,
          3.160783529281616
        ],
        [
          0.0,
          0.9956187605857849,
          0.09350565820932388,
          1.0513787269592285
        ],
        [
          0.0,
          0.0,
          0.0,
          1.0
        ]
      ]
    },
    {
      "file_path": "train/0074",
      "time": 0.5625,
      "rotation": 0.0483321946706122,
      "transform_matrix": [
        [
          -0.8517785668373108,
          -0.05446625128388405,
          0.5210632085800171,
          2.3587753772735596
        ],
        [
          0.523902177810669,
          -0.08855313807725906,
          0.8471627831459045,
          3.83497953414917
        ],
        [
          0.0,
          0.9945812225341797,
          0.10396263003349304,
          1.1178141832351685
        ],
        [
          0.0,
          0.0,
          0.0,
          1.0
        ]
      ]
    },
    {
      "file_path": "train/0075",
      "time": 0.5729166666666666,
      "rotation": 0.0483321946706122,
      "transform_matrix": [
        [
          -0.8965843319892883,
          -0.04859687387943268,
          0.4401988089084625,
          2.0340795516967773
        ],
        [
          0.4428732097148895,
          -0.09838299453258514,
          0.891170084476471,
          4.117936611175537
        ],
        [
          -3.725290298461914e-09,
          0.9939613938331604,
          0.10973089933395386,
          1.1542376279830933
        ],
        [
          0.0,
          0.0,
          0.0,
          1.0
        ]
      ]
    },
    {
      "file_path": "train/0076",
      "time": 0.5833333333333333,
      "rotation": 0.0483321946706122,
      "transform_matrix": [
        [
          -0.9332954287528992,
          -0.041417818516492844,
          0.35671302676200867,
          1.6770358085632324
        ],
        [
          0.3591095209121704,
          -0.10764143615961075,
          0.927067220211029,
          4.358475208282471
        ],
        [
          0.0,
          0.993326723575592,
          0.11533478647470474,
          1.1894210577011108
        ],
        [
          0.0,
          0.0,
          0.0,
          1.0
        ]
      ]
    },
    {
      "file_path": "train/0078",
      "time": 0.59375,
      "rotation": 0.0483321946706122,
      "transform_matrix": [
        [
          -0.9832925200462341,
          -0.02269781194627285,
          0.18061238527297974,
          0.8669405579566956
        ],
        [
          0.18203306198120117,
          -0.12260733544826508,
          0.9756184220314026,
          4.682974338531494
        ],
        [
          0.0,
          0.9921956062316895,
          0.12469061464071274,
          1.245706558227539
        ],
        [
          0.0,
          0.0,
          0.0,
          1.0
        ]
      ]
    },
    {
      "file_path": "train/0079",
      "time": 0.6041666666666666,
      "rotation": 0.0483321946706122,
      "transform_matrix": [
        [
          -0.9960039854049683,
          -0.011404053308069706,
          0.08857855945825577,
          0.42652395367622375
        ],
        [
          0.08930964767932892,
          -0.12718090415000916,
          0.9878506660461426,
          4.756703853607178
        ],
        [
          0.0,
          0.9918139576911926,
          0.12769117951393127,
          1.2620501518249512
        ],
        [
          0.0,
          0.0,
          0.0,
          1.0
        ]
      ]
    },
    {
      "file_path": "train/0080",
      "time": 0.6145833333333333,
      "rotation": 0.0483321946706122,
      "transform_matrix": [
        [
          -0.9999889135360718,
          0.0006079181330278516,
          -0.004664964973926544,
          -0.022455014288425446
        ],
        [
          -0.004704408813267946,
          -0.12922164797782898,
          0.9916046261787415,
          4.773132801055908
        ],
        [
          -5.8207653974573503e-11,
          0.9916155934333801,
          0.1292230784893036,
          1.2692118883132935
        ],
        [
          0.0,
          0.0,
          0.0,
          1.0
        ]
      ]
    },
    {
      "file_path": "train/0082",
      "time": 0.625,
      "rotation": 0.0483321946706122,
      "transform_matrix": [
        [
          -0.9816821217536926,
          0.024364911019802094,
          -0.18896178901195526,
          -0.8979552984237671
        ],
        [
          -0.1905260980129242,
          -0.12553973495960236,
          0.9736219048500061,
          4.626697063446045
        ],
        [
          -1.8626449271863521e-09,
          0.9917894005775452,
          0.12788227200508118,
          1.25489342212677
        ],
        [
          0.0,
          0.0,
          0.0,
          1.0
        ]
      ]
    },
    {
      "file_path": "train/0083",
      "time": 0.6354166666666666,
      "rotation": 0.0483321946706122,
      "transform_matrix": [
        [
          -0.9602127075195312,
          0.03506604582071304,
          -0.27705955505371094,
          -1.297601580619812
        ],
        [
          -0.2792697846889496,
          -0.12056749314069748,
          0.9526132345199585,
          4.461540699005127
        ],
        [
          3.725290298461914e-09,
          0.9920855760574341,
